distortion_model: "non-fisheye"
width: 1920
height: 1208
D: [-0.286262,0.102781,0.002619,0.001749]
K: [1864.73,0.0,970.122,0.0,1873.56,650.178,0.0,0.0,1]
