distortion_model: "fisheye"
width: 1920
height: 1208
D: [-0.097824,0.141429,-0.148385,0.055918]
K: [959.554,0.0,940.789,0.0,960.194,670.737,0.0,0.0,1]
