distortion_model: "plumb_bob"
width: 1920
height: 1208
D: [-0.3171342719951168, 0.1734011464460474, 0.000940721749053272, 0.0009531119880468002, 0.0]
K: [1832.0268444259223, 0.0, 994.4251227302617, 0.0, 1844.9879131411928, 653.338429999406, 0.0, 0.0, 1.0]
