distortion_model: "non-fisheye"
width: 1920
height: 1208
D: [-0.317134,0.173401,0.000941,0.000953]
K: [1832.03,0.0,994.425,0.0,1844.99,653.338,0.0,0.0,1]
